test.json
[{"header": {"parameterUnit": "m.s-1", "parameterNumber": 2, "dx": 1, "dy": 1, "parameterNumberName": "eastward_wind", "la1": 80, "la2": 70, "parameterCategory": 2, "lo2": 50, "nx": 10, "ny": 10, "refTime": "2017-00-02 00-00 ", "lo1": 40}, "data": [0.216923828125, -1.063076171875, -1.443076171875, -0.473076171875, -0.073076171875, 0.156923828125, -0.963076171875, 1.156923828125, 4.496923828125, -3.553076171875, -4.903076171875, -1.983076171875, -1.723076171875, -1.243076171875, -1.103076171875, -4.813076171875, -4.433076171875, 0.346923828125, -1.233076171875, 1.216923828125, -3.993076171875, -5.613076171875, -8.093076171875, -3.513076171875, -2.393076171875, -2.173076171875, -5.993076171875, -5.623076171875, -6.323076171875, 0.106923828125, 0.476923828125, -1.543076171875, -5.303076171875, -7.153076171875, -8.723076171875, -8.253076171875, -7.323076171875, -6.573076171875, -7.183076171875, -8.503076171875, -10.483076171875, -4.283076171875, -0.293076171875, -2.083076171875, -4.093076171875, -6.723076171875, -7.793076171875, -7.753076171875, -6.883076171875, -7.993076171875, -8.853076171875, -10.033076171875, -9.753076171875, -9.133076171875, -8.573076171875, -2.143076171875, -5.353076171875, -4.203076171875, -3.973076171875, -7.713076171875, -8.143076171875, -8.833076171875, -9.343076171875, -8.953076171875, -9.023076171875, -8.313076171875, -0.403076171875, -1.263076171875, -2.823076171875, -2.633076171875, -8.233076171875, -8.043076171875, -8.073076171875, -8.133076171875, -8.373076171875, -8.293076171875, -8.003076171875, 0.566923828125, 0.606923828125, -1.163076171875, -2.833076171875, -9.233076171875, -7.943076171875, -7.913076171875, -7.813076171875, -7.833076171875, -7.663076171875, -7.473076171875, 1.896923828125, 2.446923828125, 0.276923828125, -3.363076171875, -3.413076171875, -2.333076171875, -7.593076171875, -7.753076171875, -7.683076171875, -7.753076171875, -7.473076171875, 3.006923828125, 3.736923828125, 0.876923828125, -3.653076171875, -3.063076171875, -1.783076171875, -6.453076171875, -7.223076171875, -7.113076171875, -7.483076171875, -7.813076171875, 2.386923828125, 3.256923828125, 1.896923828125, -1.703076171875, -3.333076171875, -2.683076171875, -3.083076171875, -6.413076171875, -5.893076171875, -6.963076171875, -7.743076171875, 1.426923828125, 3.316923828125, 1.896923828125, 0.376923828125, -4.673076171875, -2.083076171875, -0.813076171875, -7.263076171875, -6.083076171875, -6.303076171875, -6.703076171875, 1.176923828125, 2.366923828125, 2.456923828125, -1.153076171875, -3.433076171875, -3.323076171875, -2.163076171875, -6.893076171875, -7.353076171875, -6.993076171875, -6.933076171875, 0.056923828125, 0.676923828125, 2.276923828125, -0.203076171875, -3.633076171875, -3.603076171875, -3.163076171875, -1.443076171875, -2.443076171875, -7.863076171875, -7.633076171875, -0.003076171875, -0.513076171875, 0.906923828125, 1.546923828125, -5.883076171875, -4.203076171875, -2.343076171875, -3.703076171875, -1.903076171875, -1.083076171875, -5.533076171875, 3.436923828125, -1.743076171875, 0.206923828125, -1.973076171875, -4.073076171875, -3.643076171875, -2.183076171875, -4.433076171875, -5.303076171875, -1.743076171875, -5.583076171875, 4.106923828125, -0.183076171875, -0.973076171875, -2.773076171875, -3.383076171875, -3.253076171875, -4.143076171875, -3.703076171875, -5.363076171875, -2.953076171875, -1.773076171875, 5.466923828125, 6.506923828125, -2.793076171875, -1.093076171875, -2.393076171875, -2.773076171875, -3.783076171875, -3.503076171875, -3.203076171875, -2.793076171875, -3.613076171875, 6.306923828125, 6.236923828125, -1.003076171875, -0.993076171875, -1.833076171875, -1.463076171875, -3.763076171875, -1.663076171875, -0.313076171875, -1.723076171875, -1.993076171875, 6.356923828125, 6.646923828125, 6.176923828125, -1.583076171875, -0.813076171875, -1.053076171875, -0.923076171875, -1.333076171875, -1.743076171875, -1.003076171875, -3.853076171875, 3.666923828125, 5.446923828125, 8.086923828125, 2.616923828125, -0.063076171875, -0.673076171875, -0.193076171875, 0.256923828125, -2.183076171875, -2.293076171875, -3.143076171875, 1.636923828125, 4.906923828125, 8.086923828125, -9.163076171875, -11.423076171875, -9.223076171875, -5.593076171875, -4.253076171875, -5.293076171875, -4.923076171875, -5.423076171875]}, {"header": {"parameterUnit": "m.s-1", "parameterNumber": 3, "dx": 1, "dy": 1, "parameterNumberName": "northward_wind", "la1": 80, "la2": 70, "parameterCategory": 2, "lo2": 50, "nx": 10, "ny": 10, "refTime": "2017-00-02 00-00 ", "lo1": 40}, "data": [1.06361572265625, 0.96361572265625, 0.89361572265625, 1.45361572265625, 0.81361572265625, 0.41361572265625, -1.06638427734375, 0.31361572265625, 2.97361572265625, 3.37361572265625, 2.60361572265625, 1.77361572265625, 1.15361572265625, 0.75361572265625, 0.81361572265625, 5.55361572265625, 4.46361572265625, 0.82361572265625, -0.24638427734375, 3.33361572265625, 3.30361572265625, 2.92361572265625, 3.75361572265625, 1.32361572265625, 1.43361572265625, 1.67361572265625, 5.88361572265625, 5.20361572265625, 7.14361572265625, -0.12638427734375, 0.46361572265625, 2.43361572265625, 3.16361572265625, 2.68361572265625, 3.38361572265625, 5.68361572265625, 6.64361572265625, 6.51361572265625, 5.82361572265625, 6.22361572265625, 6.74361572265625, 1.83361572265625, -0.55638427734375, 2.19361572265625, 2.82361572265625, 2.37361572265625, 4.11361572265625, 6.12361572265625, 6.20361572265625, 6.38361572265625, 5.93361572265625, 5.61361572265625, 4.96361572265625, 4.32361572265625, 2.91361572265625, 4.01361572265625, 1.69361572265625, 1.27361572265625, 2.89361572265625, 6.15361572265625, 6.72361572265625, 6.74361572265625, 5.83361572265625, 5.33361572265625, 5.38361572265625, 5.39361572265625, 3.75361572265625, 4.54361572265625, 0.20361572265625, 0.85361572265625, 4.79361572265625, 6.09361572265625, 6.36361572265625, 6.05361572265625, 5.67361572265625, 5.58361572265625, 5.67361572265625, 3.17361572265625, 3.88361572265625, -0.66638427734375, -0.18638427734375, 3.75361572265625, 5.04361572265625, 4.49361572265625, 4.38361572265625, 4.26361572265625, 4.66361572265625, 4.84361572265625, 3.66361572265625, 3.77361572265625, -0.83638427734375, -1.41638427734375, 0.56361572265625, 1.18361572265625, 3.70361572265625, 3.94361572265625, 3.54361572265625, 2.74361572265625, 3.16361572265625, 3.22361572265625, 4.88361572265625, 1.70361572265625, -1.82638427734375, -1.17638427734375, 1.09361572265625, 3.24361572265625, 3.64361572265625, 3.63361572265625, 2.94361572265625, 2.20361572265625, -0.53638427734375, 2.28361572265625, 1.66361572265625, 0.08361572265625, -1.58638427734375, 0.58361572265625, 2.80361572265625, 2.57361572265625, 2.61361572265625, 3.42361572265625, 3.06361572265625, -2.51638427734375, -0.45638427734375, -0.23638427734375, 0.11361572265625, -1.06638427734375, 0.43361572265625, 1.00361572265625, 1.97361572265625, 0.69361572265625, 1.48361572265625, 2.32361572265625, -3.53638427734375, -1.17638427734375, 0.74361572265625, 0.22361572265625, -1.10638427734375, -1.73638427734375, -1.05638427734375, 0.76361572265625, 1.19361572265625, 0.97361572265625, 1.55361572265625, -4.17638427734375, -2.22638427734375, 0.66361572265625, -0.44638427734375, -4.72638427734375, -3.72638427734375, -3.15638427734375, -0.97638427734375, 1.00361572265625, 0.05361572265625, 0.22361572265625, -4.18638427734375, -3.86638427734375, -0.20638427734375, 2.11361572265625, -4.50638427734375, -5.84638427734375, -6.17638427734375, -4.54638427734375, -0.86638427734375, 1.50361572265625, 0.39361572265625, 3.20361572265625, -4.40638427734375, -2.86638427734375, -1.27638427734375, -2.75638427734375, -3.81638427734375, -4.21638427734375, -4.64638427734375, -2.89638427734375, -1.00638427734375, -0.11638427734375, 7.62361572265625, -4.58638427734375, -3.77638427734375, -2.98638427734375, -3.02638427734375, -3.02638427734375, -3.00638427734375, -3.40638427734375, -5.68638427734375, -3.06638427734375, -0.59638427734375, 7.20361572265625, 6.66361572265625, -4.77638427734375, -3.86638427734375, -3.77638427734375, -3.99638427734375, -3.22638427734375, -2.43638427734375, -3.80638427734375, -3.32638427734375, -2.65638427734375, 5.46361572265625, 6.94361572265625, -6.28638427734375, -4.58638427734375, -4.69638427734375, -4.10638427734375, -5.24638427734375, -3.66638427734375, -2.20638427734375, -1.89638427734375, -3.51638427734375, 3.63361572265625, 6.26361572265625, 5.54361572265625, -5.75638427734375, -5.38638427734375, -4.84638427734375, -4.38638427734375, -4.90638427734375, -5.42638427734375, -3.43638427734375, -2.86638427734375, 1.62361572265625, 5.22361572265625, 4.95361572265625, -3.46638427734375, -4.80638427734375, -5.30638427734375, -4.46638427734375, -2.89638427734375, -5.60638427734375, -4.25638427734375, -3.11638427734375, -0.90638427734375, 3.74361572265625, 6.20361572265625, -3.88638427734375, 0.60361572265625, 2.90361572265625, 3.26361572265625, -1.04638427734375, -1.86638427734375, -1.23638427734375, -0.24638427734375]}]